910420242
965621397
946120756
984196557
951153501
928362358
917116675
919474961
937865009
993536117
904061812
998159982
968131130
948511803
931041382
931930958
976207502
957596729
904330373
946665245
986583821
957016227
997290026
969243713
956116324
922796085
970400969
981338465
928811056
944514584
955484274
932738310
919350016
958793850
931876719
998571605
973096361
915063866
995554674
964100359
997950763
928986548
922578237
966780489
939656280
927894397
974659947
973879882
974758551
944299386
996387884
916414453
913890527
996889649
940938771
953418269
954870341
992010606
961961706
926008695
930533164
946565733
994203286
908615868
983335991
985754285
972506667
965813611
906658566
925390347
962928894
939868198
985562347
907600076
929927070
927808706
945480850
951182046
995988882
978255241
998019514
974415196
980568587
942316937
995880239
969230229
929736802
925694984
967261769
978592705
988848890
945106042
999808697
974793761
974855761
929189808
990079056
962701439
901450282
940230449
954646323
951597080
924529473
969864471
995779126
949520324
909615543
974919840
941734218
917012454
964519158
966175571
984626710
943198936
939740238
914582290
997374671
991290553
965979470
993037136
988654366
968765512
921115846
934916576
955129905
997454598
982042626
904781656
946836807
984242330
953681941
953261925
971051339
995419946
920459086
950279749
907410711
957366720
997519375
960477067
971090315
904183482
935341397
955626315
963567647
925871616
947150245
900965213
958024428
910558712
944967317
960532879
977233446
949148574
996082170
934373072
999745111
914519269
916950753
918161882
996749050
940445056
984183845
987197226
901291725
996148626
913743312
905379559
987096275
900287450
904637057
959646357
905880750
987952474
985755540
962645315
990597017
980226166
975320758
993347618
986989057
930991760
929359030
938525823
971164757
996803415
946056651
942691850
926885374
995740016
964340874
913444948
974859590
928448524
995094867
932171770
917502707
976161423
913451024
925452385
913752920
956890041
938949313
995938719
920770997
957879213
930945076
976085390
936758853
953368491
961513281
910183288
997475922
945921837
990953966
999441322
908969484
917638209
921472233
910753275
929323484
934918031
937062495
969013065
992946701
942522857
976392578
967999760
998475791
996434903
976393291
998218819
988767876
941103330
918260172
929300498
948416292
950486817
965496318
934030037
908892819
906066164
962345450
905537908
990738021
982945593
994871373
905686867
995095404
972029169
966691521
921981750
947222481
968362170
995902145
943563189
900125933
909922842
933466831
948991782
982653283
930750194
946234760
955992032
921773816
900402368
998167765
948470914
909149229
936970651
969948895
965264526
943056341
916034770
966674722
926081258
967342074
967704423
939076421
902115613
945965623
932596729
984978108
951228374
986252707
995975193
968261258
949142803
952091190
968819777
979684168
909440475
988601507
930157044
910453335
927023992
998405601
973665216
957280765
958907149
998147374
983038303
912319986
978979380
949615473
999773726
916907897
968471275
933887527
959688969
975143039
987621577
998783170
924005612
923853274
915651542
931093095
940896938
923685329
908615039
916866922
990389884
914299480
946396909
950630871
900918851
949063089
961120127
928228930
915113939
983744532
974796978
991291594
900659970
946402731
940221922
934161204
946147042
970497723
994526749
917559794
962033670
962151591
994574085
995293139
945291299
942457586
924666435
906639125
966498384
955240012
969843223
908890256
999895642
916748067
997321581
946061720
970129760
953643332
906734748
956464883
910527143
971904456
924961566
912553384
955659286
939875557
996601293
956009145
962076050
916961551
911336483
908329978
939791394
999004737
917073004
993604587
966691830
975232823
955005246
952719787
937645964
941979126
963645303
977475540
921772537
962655834
910895042
980957679
996812188
954615958
915965395
960238057
963107912
967518292
971054902
925807305
961650708
965168387
949200532
903576524
968087093
970275051
919244786
903380828
964766896
903364077
901360232
976084583
995983046
947200190
953657904
980427379
908769325
926727624
911282230
949522215
910123595
916802276
939481987
993938201
943578451
923467123
907136107
952356381
975851393
983984214
914995972
932705712
929035965
928380443
903262188
936895938
903354238
906623053
957909884
966317717
927599891
946398034
972482430
908297562
941151068
981791051
951175687
952629246
967198078
935775482
951028093
945730418
913715508
929576501
972454508
937333535
902659831
901166395
955011294
924959421
969669271
950713990
949154216
970384603
978962887
917146051
918871030
927895022
913033034
986968691
948970472
936188509
981521061
985863978
978573326
915711939
900342070
977617514
968493874
934846166
939259059
993060336
917757510
919572165
900022712
903016399
927494807
997728590
952209542
904388480
914072252
992699594
974699012
976050874
959171810
929117186
976587604
921159814
904413747
995168925
950446401
973872934
939589168
997478855
981257485
986427760
991185964
982380839
917692640
948217038
914685443
968198780
946962586
952922416
999464902
991178195
978115290
948393654
971030261
947941098
993265171
922058717
993116732
964874883
930083915
914211380
999256595
997437490
941000253
988493222
924901072
982556663
998312040
988021265
988798516
978457286
903834434
935869737
950835924
906078030
963308963
965964459
944203445
926207833
936517364
907241736
916872225
997787030
990463024
986894277
905648199
987979278
923774114
980344136
980061271
918800794
918259519
974517996
910444455
925552613
965061178
983072153
932978420
910738995
941355063
936279023
921007528
970271345
947390943
979389513
974349738
997500284
993694051
998905332
978986465
913635677
995838369
937090337
922706359
993269238
972177973
977272776
904680281
952754154
959148875
971509461
903127134
941104741
986566544
961675407
992063319
962021439
921698256
933407477
989325613
993628120
940122897
915991860
981458789
914118512
955793865
937648466
950350161
980265501
929087930
981765342
967881419
943700933
995164695
996141669
956761057
934964215
984142091
981729314
901131807
930594642
927948058
934027499
972200575
974612064
905007781
911395402
963298267
983815655
936515427
955622668
918712481
999445929
977033220
998216820
999135246
918160579
927461661
961259650
968432023
995210902
997003712
986792400
926656807
934834175
988537977
974618823
940030205
979032782
955544313
990508955
995899846
994913931
951516755
970779240
992193772
937468993
905764243
943258779
998847870
973852815
958392946
936333025
903971678
915345490
944964547
927059409
970688580
934688715
912158640
956551860
905980905
936643797
992290996
957387997
960799845
962929891
903012290
992863952
912132589
987397229
953085186
958218739
914241251
998162587
988752737
967866178
972494906
993419209
930757025
903366344
950311590
914308611
960653113
964927664
961807708
916002330
942573601
931329098
937804008
962006302
956904119
945447340
922362569
986960087
989820926
966251683
983118828
963485463
936657044
986193943
945635832
920294030
961743101
981233667
933293637
987748044
932863093
943679564
901539817
960142805
901351415
979464326
948036324
953073145
929133410
935808064
988771116
974505969
909433738
931834782
957199376
993864455
931869454
955912940
995900681
916761414
961375033
972424023
963389101
979784052
910190429
966107355
968589719
978930453
966282480
939325893
974384491
949445182
992019012
904475324
996230465
932983924
945735157
951624965
959953528
982833187
987038736
989848505
969316596
999030020
975662943
982797763
989475534
953975483
994135585
996475126
929374641
903179900
953620470
904987149
907975305
981582789
914131131
954126538
942705876
912440453
917628255
967744031
952100064
932857580
946240999
988331846
917637592
979765789
962482370
923551914
989064984
998247153
939275109
945487525
944314255
929192658
989530525
918305759
929283937
994612190
907332785
971520342
926076545
912846048
970117995
926939373
900065639
993353732
995676549
913417169
919595084
931170510
927982596
903975588
943705569
980815939
972717777
926774588
915083973
997467756
914901706
957314327
912643592
936025589
907936994
985750941
942778723
952500392
929710971
964666080
935732167
961066180
925336242
972952757
924076862
916078800
953528147
935262755
938296830
973973991
955536100
974891566
930621128
971523638
910302529
990027781
996500907
927154755
970795906
913892921
957458440
926863530
961230402
970399535
947241745
954180786
902927164
929636900
983492157
958557537
905078630
981640658
911032720
977755345
986465793
995913625
984823120
902775245
908158209
990236684
908931362
953127678
961343455
968824897
968283829
925393170
923679245
922980859
988928330
906247141
940154528
902720411
942337638
925229855
986154334
972607011
944422004
974862422
905760308
959049183
972794954
934050482
917920928
982295254
974514057
968364396
900039210
965138675
912874643
949102283
928822140
985364037
944410846
985828772
955486085
964326993
935455835
951858586
914695643
908779604
936986241
954961722
938484837
980498631
942206812
920839283
902362933
999207611
905173517
971373325
975394746
967663973
951206503
983036483
902461929
960510367
961726755
928882934
938147535
969684450
954444196
999748001
903591147
902767464
900843735
990972113
958269959
914508358
953593842
905126473
932921644
901587292
954302742
926610445
986892455
950322470
980028562
935559219
981025572
983529428
945242995
944256366
946191021
939433839
937478524
997180765
937678083
914843166
912497846
955683358
901504645
902236827
908678256
984417999
927285647
908366558
954736414
985776991
961939509
933810315
990165205
908587495
971068074
947561920
995867929
997883950
905817751
952881201
979768169
904733456
993761408
960684613
950954544
913877558
994728924
918454582
987725468
976772273
964745996
973131951
995369168
904726575
914973052
967778389
903516296
989046799
911661207
918613615
918682740
965724826
990414707
979905257
903550177
984133514
967724801
971343035
938242030
944390448
923281220
955708061
918730057
971697279
