<?xml version="1.0" encoding="UTF-8" standalone="no"?>
<!DOCTYPE svg PUBLIC "-//W3C//DTD SVG 20010904//EN"
              "http://www.w3.org/TR/2001/REC-SVG-20010904/DTD/svg10.dtd">

<svg xmlns="http://www.w3.org/2000/svg"
     width="3.99333in" height="2.81667in"
     viewBox="0 0 1198 845">
  <path id="Selection"
        fill="none" stroke="black" stroke-width="1"
        d="M 0.00,0.00
           C 0.00,0.00 0.00,845.00 0.00,845.00
             0.00,845.00 1198.00,845.00 1198.00,845.00
             1198.00,845.00 1198.00,0.00 1198.00,0.00
             1198.00,0.00 0.00,0.00 0.00,0.00 Z
           M 117.00,4.00
           C 117.00,4.00 117.00,347.00 117.00,347.00
             117.00,347.00 528.00,347.00 528.00,347.00
             528.00,347.00 528.00,4.00 528.00,4.00
             528.00,4.00 617.00,4.00 617.00,4.00
             617.00,4.00 632.00,5.00 632.00,5.00
             632.00,5.00 646.00,5.00 646.00,5.00
             646.00,5.00 646.00,357.00 646.00,357.00
             646.00,357.00 675.00,330.09 675.00,330.09
             675.00,330.09 712.00,295.91 712.00,295.91
             712.00,295.91 745.00,264.09 745.00,264.09
             745.00,264.09 861.00,155.09 861.00,155.09
             861.00,155.09 912.00,107.04 912.00,107.04
             912.00,107.04 923.00,97.00 923.00,97.00
             923.00,97.00 967.00,55.09 967.00,55.09
             967.00,55.09 993.00,31.00 993.00,31.00
             999.24,24.83 1013.43,9.45 1021.00,6.56
             1025.09,5.00 1028.72,5.01 1033.00,5.00
             1033.00,5.00 1166.00,5.00 1166.00,5.00
             1159.73,13.76 1137.09,33.62 1128.00,42.09
             1128.00,42.09 1060.00,106.09 1060.00,106.09
             1060.00,106.09 888.00,268.09 888.00,268.09
             888.00,268.09 860.00,294.91 860.00,294.91
             860.00,294.91 810.00,341.91 810.00,341.91
             810.00,341.91 780.00,370.00 780.00,370.00
             780.00,370.00 761.00,388.00 761.00,388.00
             759.24,389.77 755.04,393.40 755.04,396.00
             755.04,398.73 760.10,403.10 762.00,405.00
             762.00,405.00 783.00,425.00 783.00,425.00
             783.00,425.00 864.96,507.00 864.96,507.00
             864.96,507.00 873.04,516.00 873.04,516.00
             873.04,516.00 912.00,555.00 912.00,555.00
             912.00,555.00 988.00,631.00 988.00,631.00
             988.00,631.00 1070.00,713.00 1070.00,713.00
             1070.00,713.00 1088.00,732.00 1088.00,732.00
             1088.00,732.00 1157.00,801.00 1157.00,801.00
             1157.00,801.00 1178.00,823.00 1178.00,823.00
             1183.54,828.60 1191.60,835.85 1196.00,842.00
             1196.00,842.00 1062.00,842.00 1062.00,842.00
             1062.00,842.00 1046.00,839.98 1046.00,839.98
             1046.00,839.98 1019.00,815.00 1019.00,815.00
             1019.00,815.00 964.01,760.00 964.01,760.00
             964.01,760.00 948.00,743.00 948.00,743.00
             948.00,743.00 701.00,496.00 701.00,496.00
             701.00,496.00 689.99,484.00 689.99,484.00
             689.99,484.00 646.00,440.00 646.00,440.00
             646.00,440.00 646.00,842.00 646.00,842.00
             646.00,842.00 557.00,842.00 557.00,842.00
             557.00,842.00 542.00,841.00 542.00,841.00
             542.00,841.00 528.00,841.00 528.00,841.00
             528.00,841.00 528.00,442.00 528.00,442.00
             528.00,442.00 117.00,442.00 117.00,442.00
             117.00,442.00 117.00,841.00 117.00,841.00
             117.00,841.00 4.00,841.00 4.00,841.00
             4.00,841.00 4.00,4.00 4.00,4.00
             4.00,4.00 117.00,4.00 117.00,4.00 Z" />
</svg>
